transform:
  translation:
    x: -0.1941689746184177
    y: 1.438544324620427
    z: 0
  rotation:
    x: -0.00971305
    y: 0.00327669
    z: 0.7157
    w: 0.698332
